0
28
29
29
2
2
2
2
2
2
30
30
30
30
30
30
30
30
30
33
6
6
6
32
28
2
2
2
30
6
2
30
30
6
6
2
30
2
30
30
30
2
29
2
28
30
2
30
6
2
6
2
30
2
2
2
30
30
28
31
2
28
30
2
31
27
2
2
2
2
2
5
2
31
5
37
28
2
2
31
2
2
34
5
37
2
31
28
2
5
2
2
2
34
2
28
4
2
2
27
5
2
27
37
2
2
34
5
28
34
37
5
2
2
21
21
2
21
2
14
5
5
34
4
37
27
21
2
2
2
2
37
2
27
8
9
2
17
21
37
4
5
8
27
34
38
13
4
13
34
17
17
27
5
9
21
1
21
17
21
1
34
17
8
15
37
15
1
7
5
13
36
8
37
21
7
17
38
15
4
1
7
1
34
9
17
15
35
1
21
13
5
36
35
38
19
36
37
7
38
1
35
38
7
1
17
13
7
36
36
8
38
35
15
21
1
9
15
13
20
20
36
19
7
35
4
9
38
36
35
38
4
7
16
1
18
35
7
18
35
25
36
35
13
7
15
13
38
23
36
38
20
36
36
20
26
36
36
13
25
23
1
36
35
7
7
20
9
20
23
16
9
13
22
25
18
26
36
10
15
16
22
26
36
9
7
25
36
20
18
16
20
26
22
18
23
25
7
36
25
20
10
26
22
20
18
26
25
11
26
36
16
26
36
24
18
22
20
24
26
16
18
11
20
24
11
18
26
18
20
24
18
26
22
26
26
24
16
18
22
26
20
18
10
10
24
26
3
3
10
24
22
11
26
10
11
26
22
26
18
3
26
26
24
11
26
12
26
24
10
3
12
11
22
3
3
10
26
10
10
12
11
12
12
12
10
3
10
11
12
12
11
3
11
11
12
10
3
10
11
11
3
group
0-0-0-NEW TEXT
220-220-220-LEONTI
255-0-0-LAMONIA
100-255-255-UTUMNO
0-255-0-GURGONAT
100-0-200-WEASTET
255-10-255-ILINGHIEL
200-0-0-GOEREA
0-255-150-NEW TEXT
100-0-255-TAMIA
90-0-100-USKEL
255-255-0-RINESBURG
255-100-100-ZURL
0-100-255-MERONA
255-255-10-KEMIEN
200-70-200-LOCARIA
255-255-100-AUREA
90-255-255-GHEIRNIA
255-90-100-GISTIA
90-255-90-ARTIS
60-0-255-POSIRIA
80-255-90-VENIS
90-0-100-PORTIREA
90-0-255-GENTIA
0-100-255-POSTIA
255-100-0-OLENTI
90-255-0-VENTER
100-90-255-AGENIA
90-0-100-POSIREA
0-255-255-MACHENIA
170-100-20-OSTITIA
0-90-255-NEW TEXT
90-255-255-ULMEN
100-255-0-FRANCHE
100-90-70-POSIREA
90-200-100-ACHEI
200-200-160-POSTEN
0-255-255-VUNTI
200-100-100-TAES
end
